
 ****** [2026-08-16 17:03:49] Running generation 0 ****** 
[2026-08-16 17:07:36]Population of 20 members	best_id:(ID10,1.5014334830386866)
   ID   maturity   fitness
  ====  ===   =======
    10    1    1.5014
    20    1    0.2526
     8    1    0.1361
    14    1    0.1035
     1    1    0.0941
    18    1    0.0668
     4    1    0.0489
    15    1    0.0481
    16    1    0.0452
    12    1    0.0249
     6    1    0.0168
    13    1    0.0165
     5    1    0.0082
     2    1    0.0067
     3    1    0.0057
    19    1   -0.0338
    17    1   -0.0641
     9    1   -0.0652
    11    1   -0.0818
     7    1   -0.1115
Start maturity-stage promotion selection
Survivors:10
survivor IDs(10):[10, 20, 8, 14, 1, 18, 4, 15, 16, 12]
children IDs(10):[21, 22, 23, 24, 25, 26, 27, 28, 29, 30]

 ****** [2026-08-16 17:07:36] Running generation 1 ****** 
